   38  100   54
   35   98   53
   37   96   53
   38   94   52
   41   91   52
   46   87   51
   50   84   50
   53   81   49
   56   78   48
   58   76   46
   58   74   45
   56   73   44
   55   71   42
   52   70   41
   50   69   39
   49   67   38
   47   64   37
   47   61   36
   49   58   34
   50   54   33
   52   49   31
   53   45   29
   56   41   27
   59   37   25
   62   34   23
   65   31   21
   67   28   19
   70   26   17
   73   23   15
   74   21   14
   77   19   13
   79   16   13
   80   13   12
   83   10   11
   83    6    9
   86    2    7
   86   -1    5
   88   -6    3
   89   -9    0
   89  -13   -1
   91  -15   -3
   92  -18   -5
   92  -19   -7
   92  -19   -8
   91  -20   -9
   89  -20   -9
   88  -21  -10
   86  -21  -10
   86  -23  -11
   85  -26  -11
   85  -30  -13
   86  -34  -15
   86  -39  -18
   88  -44  -22
   86  -48  -25
   86  -53  -29
   82  -56  -33
   79  -59  -36
   73  -61  -39
   67  -62  -40
   64  -63  -41
   58  -64  -41
   53  -65  -41
   53  -67  -40
   52  -69  -38
   50  -71  -37
   50  -74  -36
   50  -77  -35
   50  -80  -35
   47  -83  -35
   46  -86  -36
   43  -88  -37
   40  -90  -39
   37  -91  -40
   34  -92  -42
   31  -92  -43
   29  -93  -44
   31  -93  -45
   31  -94  -46
   34  -96  -48
   37  -99  -49
   38 -102  -50
   41 -105  -52
   43 -109  -54
   44 -113  -56
   44 -116  -58
   43 -119  -59
   40 -121  -61
   38 -123  -62
   35 -124  -62
   32 -124  -63
   31 -124  -63
   31 -124  -62
   32 -123  -62
   35 -123  -61
   43 -124  -61
   55 -125  -61
   73 -127  -61
   94 -129  -63
  121 -132  -65
  151 -136  -67
  185 -139  -70
  221 -143  -73
  256 -146  -75
  287 -148  -78
  313 -150  -80
  329 -151  -81
  335 -152  -81
  332 -152  -81
  317 -151  -81
  293 -151  -80
  262 -151  -80
  227 -152  -80
  193 -153  -80
  160 -155  -81
  131 -158  -83
  109 -161  -85
   92 -165  -87
   83 -169  -89
   79 -172  -91
   77 -174  -92
   80 -176  -93
   85 -177  -92
   88 -177  -91
   89 -176  -90
   91 -176  -88
   91 -176  -87
   91 -176  -87
   89 -177  -87
   85 -178  -89
   82 -181  -91
   77 -184  -94
   73 -188  -97
   68 -192 -101
   67 -196 -104
   64 -199 -107
   62 -202 -109
   62 -204 -110
   64 -205 -111
   65 -205 -111
   67 -205 -110
   68 -204 -110
   71 -203 -109
   71 -203 -108
   73 -203 -108
   73 -203 -108
   74 -205 -108
   76 -206 -108
   77 -209 -109
   79 -211 -110
   80 -214 -112
   82 -216 -113
   85 -218 -114
   86 -219 -115
   86 -219 -115
   85 -219 -116
   83 -219 -117
   82 -219 -117
   80 -220 -117
   79 -221 -118
   79 -223 -119
   82 -225 -120
   83 -228 -122
   89 -232 -124
   95 -235 -125
  100 -238 -127
  103 -241 -129
  106 -243 -130
  106 -244 -132
  104 -244 -132
  103 -243 -132
  100 -242 -132
   98 -240 -132
   98 -237 -131
  100 -233 -129
  101 -228 -126
  106 -221 -123
  110 -213 -118
  115 -202 -112
  121 -190 -105
  125 -176  -97
  128 -159  -87
  131 -140  -76
  131 -119  -64
  133  -97  -51
  134  -74  -38
  136  -51  -25
  137  -28  -11
  139   -5    1
  142   16   13
  146   36   24
  151   56   34
  157   75   44
  161   93   53
  167  111   62
  173  127   71
  178  145   79
  184  163   89
  187  180   98
  191  197  107
  193  213  116
  193  228  125
  194  241  133
  196  252  140
  197  261  146
  199  269  150
  200  274  153
  205  279  155
  208  282  156
  214  285  156
  220  288  157
  223  290  158
  229  292  159
  232  295  162
  235  297  164
  236  299  167
  238  301  171
  238  302  174
  236  303  176
  235  303  178
  232  303  179
  229  304  178
  226  304  177
  221  304  175
  217  304  172
  211  304  169
  205  303  167
  199  303  164
  191  302  163
  182  300  162
  175  299  162
  166  297  163
  157  296  164
  149  295  165
  140  295  167
  134  294  168
  127  294  169
  121  294  169
  115  293  169
  109  292  168
  104  290  167
  100  288  165
   95  286  163
   91  284  160
   86  282  159
   85  280  158
   82  278  157
   77  278  157
   76  278  158
   73  279  159
   70  280  161
   67  282  162
   64  284  163
   62  285  164
   59  287  163
   58  287  162
   56  287  161
   56  287  159
   56  286  157
   56  285  156
   56  284  155
   55  283  154
   56  283  154
   56  283  155
   56  283  157
   56  284  158
   59  285  160
   59  286  162
   59  287  163
   61  287  164
   62  287  164
   62  286  164
   64  284  163
   62  283  163
   62  281  162
   62  279  162
   61  278  161
   61  277  161
   59  276  161
   58  274  160
   58  273  159
   59  270  158
   61  267  156
   62  263  154
   65  257  151
   67  251  148
   70  245  144
   71  239  141
   73  233  138
   73  228  135
   73  224  132
   73  220  129
   71  217  127
   68  214  125
   65  211  122
   64  208  120
   61  205  118
   58  201  116
   56  198  114
   56  195  112
   56  192  111
   56  189  110
   59  187  110
   61  185  109
   62  184  109
   64  183  109
   62  182  110
   62  182  110
   59  181  110
   58  181  109
   56  181  109
   56  181  108
   55  181  107
   55  180  106
   56  180  105
   59  179  104
   62  178  102
   62  176  101
   64  174  100
   64  171   99
   62  168   99
   61  164   98
   58  161   97
   56  158   96
   55  156   95
   53  155   95
   52  155   94
   52  155   94
   52  156   94
   53  157   94
   55  158   94
   55  158   94
   56  158   94
   58  157   94
   56  155   94
   56  153   93
   55  150   92
   53  146   91
   52  143   89
   50  140   87
   49  138   86
   49  136   84
   49  135   82
   49  134   81
   49  133   80
   47  132   79
   50  131   78
   50  129   77
   52  126   76
   55  122   75
   55  118   74
   56  115   73
   55  112   71
   55  108   70
   53  106   70
   52  105   69
   50  105   69
   49  105   69
   49  106   70
   47  107   70
   47  108   71
   49  108   71
   49  107   71
   49  104   71
   49  100   69
   49   95   67
   47   89   65
   46   82   61
   44   77   57
   43   72   53
   43   69   49
   43   66   46
   44   65   43
   47   64   41
   49   64   40
   52   63   40
   53   62   40
   53   60   41
   52   57   43
   50   53   44
   49   49   45
   46   44   44
   44   40   43
   43   36   41
   43   33   38
   43   31   35
   44   29   30
   49   28   26
   52   26   22
   56   25   19
   59   22   16
   64   19   14
   65   15   12
   68   11   12
   70    7   11
   71    2   11
   71   -1   11
   73   -5   10
   74   -9    9
   76  -12    8
   79  -14    6
   80  -16    5
   82  -17    3
   85  -19    1
   86  -20    0
   88  -22    0
   89  -24   -1
   89  -27   -2
   89  -30   -2
   89  -34   -3
   88  -37   -4
   86  -41   -6
   85  -46   -7
   82  -49   -9
   80  -53  -12
   79  -56  -14
   76  -58  -17
   76  -60  -19
   74  -61  -20
   73  -62  -21
   71  -63  -22
   70  -63  -22
   67  -64  -22
   64  -65  -22
   59  -67  -22
   58  -69  -23
   55  -72  -24
   50  -75  -25
   47  -78  -27
   43  -81  -29
   41  -83  -31
   38  -85  -33
   35  -86  -35
   34  -87  -36
   32  -88  -37
   32  -88  -37
   32  -89  -37
   34  -90  -37
   35  -92  -37
   35  -94  -37
   37  -97  -38
   38 -100  -39
   38 -104  -40
   38 -108  -42
   38 -111  -44
   37 -114  -47
   35 -117  -49
   35 -118  -51
   35 -119  -53
   34 -119  -54
   34 -119  -56
   32 -118  -57
   32 -118  -57
   29 -118  -58
   29 -118  -58
   28 -120  -58
   26 -122  -59
   25 -125  -59
   28 -129  -59
   31 -133  -60
   38 -137  -61
   49 -141  -63
   65 -144  -64
   88 -146  -67
  112 -148  -69
  142 -149  -71
  173 -150  -73
  208 -150  -74
  242 -149  -75
  272 -149  -75
  298 -149  -75
  313 -149  -74
  320 -150  -73
  316 -151  -72
  301 -152  -71
  277 -153  -71
  244 -155  -70
  208 -156  -70
  170 -156  -70
  136 -157  -71
  107 -157  -71
   83 -157  -72
   68 -158  -73
   61 -158  -74
   58 -159  -75
   62 -161  -75
   70 -163  -76
   77 -165  -77
   83 -168  -78
   86 -171  -79
   86 -174  -80
   85 -177  -81
   79 -179  -82
   76 -181  -84
   68 -182  -85
   64 -183  -86
   59 -183  -86
   55 -183  -87
   53 -183  -87
   52 -183  -88
   52 -183  -88
   53 -184  -88
   55 -185  -88
   55 -187  -88
   55 -190  -89
   55 -193  -90
   55 -196  -91
   55 -199  -92
   55 -201  -94
   55 -203  -95
   55 -204  -97
   53 -205  -99
   53 -205 -101
   55 -206 -102
   55 -206 -104
   56 -206 -105
   58 -207 -106
   59 -209 -107
   62 -211 -107
   64 -213 -108
   65 -217 -108
   67 -220 -109
   68 -223 -110
   70 -226 -111
   71 -229 -112
   71 -231 -114
   73 -233 -115
   76 -234 -116
   79 -234 -117
   82 -233 -118
   82 -232 -118
   83 -231 -118
   83 -229 -117
   83 -228 -117
   85 -228 -116
   85 -228 -115
   85 -228 -115
   86 -229 -115
   88 -230 -114
   89 -229 -113
   92 -227 -112
   95 -222 -109
   98 -215 -105
  101 -205  -99
  103 -192  -92
  106 -178  -85
  109 -162  -76
  110 -143  -66
  113 -124  -56
  116 -104  -45
  119  -83  -33
  125  -61  -21
  128  -39   -9
  131  -16    3
  136    6   17
  139   29   31
  142   53   45
  145   75   58
  146   98   71
  148  118   83
  154  138   94
  157  157  104
  160  174  113
  164  191  121
  169  205  128
  173  218  135
  176  230  141
  181  240  146
  184  249  151
  187  257  155
  190  265  159
  194  273  163
  197  280  166
  202  287  170
  206  295  174
  211  302  177
  214  310  180
  217  316  184
  218  322  186
  217  327  189
  217  331  192
  214  333  194
  211  334  196
  209  333  197
  208  331  197
  206  328  197
  206  325  197
  206  322  197
  206  320  196
  206  319  195
  203  318  194
  199  318  193
  191  318  192
  185  317  191
  178  316  189
  166  314  187
  154  311  185
  142  307  182
  131  302  180
  121  298  177
  112  294  175
  104  290  172
   98  287  171
   94  285  169
   89  284  168
   88  283  167
   85  282  166
   83  281  165
   79  280  164
   76  279  163
   71  277  161
   67  275  160
   61  272  159
   55  269  158
   49  267  157
   43  264  156
   40  262  155
   37  261  154
   37  260  153
   38  260  152
   40  260  151
   43  260  151
   44  260  150
   47  260  150
   49  260  150
   49  259  149
   47  258  149
   46  256  149
   43  254  149
   41  252  148
   37  250  147
   34  248  145
   34  247  144
   34  246  142
   35  245  140
   38  245  138
   41  244  137
   44  244  136
   46  242  136
   49  241  136
   50  238  136
   50  234  136
   49  230  135
   47  226  135
   44  221  133
   41  216  131
   37  211  129
   34  206  126
   32  202  123
   32  199  119
   32  195  117
   34  192  114
   35  189  112
   37  186  111
   38  182  110
   40  178  109
   41  174  108
   41  170  107
   41  166  105
   41  161  104
   43  157  102
   41  153  100
   41  149   99
   41  146   97
   40  144   95
   38  143   94
   37  142   93
   35  141   92
   34  141   91
   32  140   90
   31  140   89
   29  139   88
   28  139   86
   28  138   85
   28  136   83
   28  135   82
   28  133   80
   29  132   79
   31  130   78
   32  129   78
   35  128   78
   35  127   78
   35  126   78
   35  126   78
   34  126   78
   32  127   77
   31  128   77
   29  130   77
   28  131   77
   26  133   76
   26  134   76
   25  134   76
   26  134   76
   26  132   75
   25  130   75
   25  128   75
   25  125   75
   23  122   74
   22  119   74
   22  118   74
   20  116   74
   20  115   73
   22  114   73
   22  114   73
   23  114   72
   25  114   72
   26  114   71
   25  113   70
   23  112   69
   25  110   67
   22  108   66
   20  106   65
   19  104   63
   17  102   63
   17  101   62
   17  100   62
   17   99   63
   17   98   63
   19   97   63
   19   95   63
   19   92   63
   17   88   62
   16   84   60
   16   80   58
   14   75   55
   13   71   52
   13   68   49
   13   66   47
   16   64   45
   16   64   44
   17   63   44
   17   63   44
   19   63   44
   19   61   45
   19   59   44
   19   56   44
   19   52   42
   22   48   40
   23   44   37
   26   39   34
   31   35   30
   32   31   27
   37   29   24
   40   28   22
   43   27   21
   44   27   20
   44   26   20
   46   25   20
   46   24   20
   46   22   20
   46   20   19
   47   16   19
   47   13   17
   47    8   15
   49    4   12
   50    0    9
   52   -3    6
   52   -6    3
   53   -9    0
   53  -12   -2
   53  -14   -4
   52  -17   -5
   50  -19   -7
   47  -22   -7
   46  -26   -8
   43  -29   -8
   40  -32   -8
   37  -36   -8
   34  -39   -9
   31  -42   -9
   28  -45  -10
   25  -47  -11
   23  -49  -12
   22  -50  -13
   19  -51  -14
   17  -51  -15
   17  -52  -15
   16  -53  -16
   16  -54  -17
   14  -55  -18
   13  -57  -19
   11  -60  -20
    8  -63  -21
    5  -67  -22
    1  -70  -23
   -1  -74  -25
   -6  -78  -26
   -7  -81  -28
   -9  -84  -30
   -7  -86  -33
   -6  -89  -35
   -4  -91  -38
    0  -93  -40
    2  -96  -43
    5  -98  -45
    7 -101  -48
    8 -104  -50
    7 -107  -51
    5 -110  -53
    2 -113  -54
   -1 -115  -55
   -4 -117  -56
   -6 -118  -57
   -7 -118  -57
   -7 -118  -58
   -6 -117  -58
    0 -117  -57
    8 -117  -57
   17 -117  -56
   31 -118  -56
   50 -120  -55
   76 -123  -56
  104 -126  -57
  137 -130  -58
  173 -134  -61
  209 -137  -63
  244 -141  -67
  272 -143  -70
  292 -145  -73
  302 -146  -75
  301 -146  -77
  289 -146  -78
  263 -145  -78
  232 -145  -77
  194 -144  -76
  155 -144  -75
  116 -145  -74
   83 -147  -73
   56 -150  -73
   37 -153  -74
   26 -156  -75
   22 -159  -76
   23 -162  -78
   28 -165  -80
   35 -167  -83
   43 -168  -85
   46 -169  -87
   47 -169  -89
   47 -169  -90
   43 -170  -91
   38 -171  -91
   32 -172  -91
   25 -173  -91
   19 -175  -91
   14 -177  -90
   10 -179  -89
    8 -181  -89
    8 -183  -89
   10 -185  -88
   10 -186  -88
   11 -187  -88
   13 -188  -88
   14 -189  -89
   14 -189  -89
   14 -190  -90
   14 -191  -91
   14 -191  -93
   16 -193  -95
   17 -194  -97
   20 -196  -99
   22 -198 -102
   25 -201 -105
   28 -203 -108
   28 -204 -111
   28 -206 -113
   26 -207 -114
   25 -208 -116
   23 -209 -116
   23 -210 -116
   22 -211 -116
   23 -212 -115
   25 -213 -115
   28 -214 -114
   31 -216 -114
   35 -218 -114
   38 -221 -115
   41 -224 -116
   43 -226 -118
   44 -229 -120
   44 -231 -122
   44 -233 -123
   44 -234 -124
   46 -235 -125
   46 -235 -125
   47 -235 -125
   50 -234 -125
   53 -234 -124
   55 -233 -124
   56 -232 -123
   59 -230 -123
   61 -227 -122
   62 -223 -121
   64 -216 -119
   65 -208 -115
   67 -197 -111
   68 -184 -105
   70 -168  -97
   73 -150  -87
   76 -130  -76
   79 -108  -64
   82  -86  -52
   85  -63  -38
   89  -41  -25
   92  -19  -12
   97    2    0
  103   23   11
  107   43   21
  113   62   31
  118   79   40
  122   96   49
  127  113   58
  131  128   67
  134  144   75
  137  159   85
  140  174   94
  143  189  102
  148  203  111
  151  215  119
  154  227  127
  157  237  134
  160  246  140
  161  253  144
  164  259  148
  169  264  151
  170  267  153
  173  270  155
  175  272  156
  176  274  157
  181  276  158
  182  278  159
  182  281  160
  181  284  161
  179  287  162
  176  290  163
  172  292  163
  167  293  163
  161  294  163
  154  294  163
  146  292  162
  137  290  161
  128  287  160
  119  283  160
  110  280  159
  101  276  157
   92  273  156
   85  270  154
   77  267  152
   71  265  150
   68  262  148
   64  260  146
   61  257  144
   56  253  142
   53  250  141
   50  246  140
   46  242  139
   38  238  138
   32  235  137
   25  232  136
   17  229  134
   11  226  132
    7  225  130
    5  223  128
    1  222  125
    0  220  123
    0  218  121
    0  217  119
    1  215  118
    1  213  117
    2  211  117
    0  210  117
   -1  208  118
   -1  206  118
   -3  205  118
   -4  203  118
   -4  201  118
   -4  200  117
   -4  198  115
   -3  197  114
   -3  196  112
   -1  194  111
   -1  193  109
    0  192  108
   -1  190  108
   -1  187  107
   -1  185  106
    0  182  105
   -1  179  104
   -4  175  103
   -4  172  101
   -7  169   99
   -7  166   98
   -7  163   97
   -7  160   95
   -6  158   93
   -6  155   92
   -3  152   91
    0  148   90
    1  144   89
    2  140   87
    4  135   86
    1  129   84
    0  123   81
   -4  118   78
  -10  113   75
  -13  108   72
  -19  104   69
  -24  101   66
  -27   98   64
  -27   96   62
  -25   94   60
  -22   93   59
  -19   93   59
  -16   92   58
  -12   92   58
  -10   91   58
   -9   91   59
   -9   90   59
  -12   89   60
  -15   89   60
  -18   88   61
  -19   87   61
  -21   86   60
  -21   86   60
  -21   85   59
  -16   84   58
  -13   83   56
  -10   82   54
   -7   81   52
   -6   79   51
   -6   78   49
   -6   77   48
   -9   76   48
  -13   75   48
  -18   74   48
  -21   74   48
  -25   73   49
  -28   73   50
  -27   73   50
  -27   73   51
  -25   73   50
  -22   73   50
  -19   73   49
  -18   73   48
  -16   73   47
  -16   72   45
  -18   71   44
  -21   70   43
  -24   68   42
  -27   66   41
  -30   64   41
  -33   63   40
  -34   61   39
  -34   60   39
  -33   59   38
  -31   58   37
  -30   58   36
  -28   58   35
  -27   58   34
  -27   57   34
  -28   56   33
  -31   53   32
  -33   50   32
  -34   46   32
  -36   41   31
  -36   36   30
  -36   31   29
  -34   27   27
  -31   24   26
  -28   21   23
  -27   20   21
  -24   18   19
  -24   17   17
  -25   15   14
  -27   13   13
  -30   11   11
  -31    8   10
  -33    4   10
  -34    1    9
  -34   -2    8
  -33   -6    8
  -31  -10    6
  -28  -13    4
  -24  -16    2
  -21  -19    0
  -16  -22   -3
  -13  -24   -7
  -10  -26   -9
   -7  -29  -12
   -4  -32  -14
   -4  -34  -16
   -1  -38  -16
    1  -41  -17
    2  -45  -17
    5  -50  -17
    7  -54  -18
    8  -58  -18
   10  -61  -20
    8  -64  -21
    7  -67  -23
    4  -69  -25
    2  -70  -26
    0  -71  -28
   -3  -72  -29
   -4  -74  -30
   -6  -76  -31
   -6  -78  -31
   -4  -81  -32
   -4  -84  -34
   -3  -88  -35
   -4  -92  -38
   -6  -97  -40
   -9 -101  -43
  -15 -105  -46
  -19 -108  -49
  -25 -111  -52
  -30 -113  -55
  -34 -115  -58
  -37 -117  -61
  -39 -119  -63
  -40 -121  -66
  -40 -124  -68
  -39 -127  -70
  -40 -130  -72
  -39 -133  -74
  -39 -136  -76
  -42 -139  -77
  -43 -141  -78
  -46 -143  -79
  -49 -145  -80
  -51 -147  -81
  -52 -148  -82
  -52 -150  -82
  -51 -152  -84
  -49 -154  -85
  -46 -157  -86
  -43 -159  -88
  -42 -162  -89
  -42 -166  -90
  -40 -169  -92
  -42 -172  -92
  -43 -176  -93
  -45 -179  -95
  -48 -182  -96
  -49 -185  -98
  -51 -187  -99
  -52 -189 -101
  -54 -190 -103
  -52 -192 -105
  -51 -193 -107
  -46 -194 -108
  -37 -196 -109
  -27 -198 -110
   -9 -200 -111
   10 -202 -112
   37 -205 -113
   67 -207 -115
  101 -209 -116
  137 -212 -118
  172 -214 -121
  205 -216 -123
  233 -218 -125
  253 -220 -127
  263 -221 -129
  263 -222 -130
  253 -224 -130
  230 -225 -131
  200 -226 -131
  166 -227 -130
  128 -228 -130
   92 -229 -130
   61 -230 -130
   34 -231 -130
   14 -232 -131
    1 -232 -132
   -3 -234 -134
   -6 -235 -136
   -6 -236 -137
   -1 -238 -139
    1 -240 -140
    2 -242 -141
    1 -244 -142
    1 -246 -143
    0 -248 -143
   -1 -249 -144
   -4 -250 -144
   -9 -251 -144
  -13 -252 -145
  -18 -253 -146
  -19 -254 -147
  -22 -255 -148
  -24 -257 -149
  -25 -259 -151
  -27 -260 -153
  -25 -262 -154
  -24 -263 -155
  -22 -263 -156
  -19 -263 -156
  -18 -263 -157
  -15 -263 -157
  -15 -263 -157
  -13 -263 -158
  -15 -263 -158
  -16 -264 -159
  -19 -266 -160
  -22 -268 -160
  -24 -271 -161
  -25 -274 -162
  -25 -277 -163
  -25 -278 -163
  -22 -280 -163
  -19 -280 -163
  -15 -280 -163
  -12 -279 -162
   -9 -278 -161
   -4 -277 -161
   -3 -276 -160
    0 -275 -160
    1 -275 -160
    2 -276 -161
    2 -277 -162
    2 -278 -163
    2 -281 -165
    1 -283 -167
    0 -286 -168
   -1 -288 -170
   -1 -290 -172
   -1 -291 -173
    0 -292 -174
    2 -291 -175
    5 -290 -175
   10 -288 -175
   16 -284 -174
   20 -279 -172
   25 -273 -169
   28 -265 -164
   29 -254 -159
   29 -242 -152
   29 -227 -144
   31 -209 -133
   31 -189 -122
   31 -167 -109
   34 -143  -95
   37 -118  -80
   40  -93  -65
   44  -69  -51
   50  -45  -37
   55  -22  -24
   59    0  -11
   64   19    0
   67   38    9
   70   56   19
   74   74   28
   76   92   36
   79  109   45
   82  124   53
   85  140   62
   88  156   70
   92  170   78
   97  183   85
  103  194   92
  107  205   98
  112  213  101
  115  220  105
  119  226  109
  121  231  111
  122  235  113
  122  238  114
  122  241  116
  122  244  116
  122  247  117
  122  249  118
  122  252  119
  124  254  120
  125  257  121
  127  259  121
  127  262  122
  128  264  123
  127  265  123
  124  265  124
  119  264  124
  112  262  124
  104  259  124
   97  256  123
   89  252  121
   80  248  119
   71  244  117
   61  241  114
   53  238  111
   44  236  108
   35  234  106
   26  232  104
   17  231  102
   10  229  100
    1  226   99
   -4  223   99
   -7  220   97
  -12  216   95
  -15  211   92
  -15  207   89
  -16  203   86
  -16  200   83
  -18  197   80
  -19  195   77
  -22  194   75
  -27  194   73
  -33  194   72
  -37  194   72
  -43  193   72
  -49  192   72
  -51  190   72
  -52  188   72
  -52  185   72
  -51  181   72
  -48  178   71
  -45  174   70
  -43  171   69
  -42  169   68
  -43  167   67
  -45  166   66
  -48  166   64
  -49  166   63
  -52  166   62
  -55  167   62
  -55  167   61
  -55  166   61
  -54  165   61
  -52  164   61
  -49  162   62
  -49  160   62
  -48  158   62
  -46  156   62
  -46  154   62
  -48  153   61
  -49  152   61
  -49  150   60
  -49  149   59
  -51  148   58
  -49  146   57
  -48  143   57
  -48  140   56
  -48  136   55
  -48  132   54
  -48  127   53
  -48  122   52
  -48  118   51
  -48  114   49
  -49  110   46
  -51  107   44
  -51  104   42
  -52  102   40
  -54  101   39
  -55   99   38
  -55   99   37
  -57   98   37
  -58   98   37
  -60   98   38
  -58   97   38
  -58   97   37
  -58   97   36
  -57   96   35
  -57   95   33
  -58   93   31
  -60   92   29
  -61   90   27
  -64   88   25
  -67   85   23
  -69   83   22
  -69   81   22
  -70   79   22
  -70   78   22
  -67   77   22
  -64   77   23
  -61   78   23
  -60   79   23
  -57   81   23
  -57   82   23
  -57   83   23
  -57   84   23
  -58   85   22
  -60   85   22
  -63   85   23
  -64   84   23
  -64   83   24
  -64   82   25
  -64   80   25
  -63   79   26
  -63   78   27
  -61   78   27
  -61   77   27
  -61   77   27
  -61   76   26
  -63   76   26
  -64   75   25
  -64   74   24
  -66   73   23
  -66   72   23
  -66   70   22
  -64   69   21
  -64   67   21
  -63   66   21
  -63   66   20
  -63   65   20
  -64   65   20
  -66   64   20
  -67   63   21
  -70   62   21
  -72   60   21
  -73   57   21
  -75   54   22
  -75   50   21
  -73   47   21
  -73   43   20
  -70   40   18
  -69   38   17
  -67   36   15
  -64   35   13
  -64   35   12
  -64   34   10
  -64   34    9
  -66   32    8
  -66   30    8
  -66   26    8
  -66   22    7
  -66   17    7
  -63   12    7
  -60    6    6
  -57    2    6
  -54   -1    5
  -51   -4    3
  -48   -5    2
  -45   -5    1
  -45   -5    0
  -42   -4   -1
  -40   -4   -2
  -37   -4   -3
  -36   -6   -5
  -34   -9   -6
  -30  -12   -8
  -28  -17   -9
  -27  -23  -11
  -25  -28  -13
  -24  -33  -14
  -25  -38  -16
  -28  -41  -17
  -33  -43  -18
  -39  -44  -19
  -43  -44  -21
  -48  -45  -22
  -51  -45  -23
  -54  -47  -24
  -54  -49  -26
  -54  -52  -28
  -52  -55  -30
  -49  -59  -32
  -48  -63  -35
  -48  -67  -37
  -48  -71  -39
  -49  -74  -41
  -52  -76  -43
  -55  -77  -44
  -61  -79  -46
  -67  -80  -47
  -72  -81  -48
  -78  -84  -50
  -82  -87  -51
  -87  -90  -53
  -90  -94  -55
  -90  -98  -57
  -93 -102  -59
  -93 -106  -61
  -93 -110  -63
  -93 -112  -64
  -93 -114  -65
  -93 -115  -66
  -93 -116  -67
  -93 -117  -68
  -94 -118  -69
  -96 -120  -69
  -97 -121  -70
  -97 -124  -71
  -99 -127  -72
  -99 -131  -73
  -99 -135  -75
  -99 -139  -77
  -99 -143  -79
  -99 -147  -82
  -99 -151  -85
 -100 -155  -89
  -99 -158  -92
 -100 -160  -95
  -99 -162  -97
  -97 -164  -99
  -91 -165 -101
  -81 -167 -102
  -66 -168 -102
  -45 -170 -102
  -19 -173 -102
   13 -176 -103
   49 -179 -104
   89 -183 -105
  130 -187 -108
  169 -191 -111
  200 -195 -114
  224 -199 -117
  236 -201 -120
  236 -204 -122
  224 -205 -124
  202 -206 -125
  170 -206 -125
  131 -206 -125
   91 -206 -124
   52 -205 -124
   17 -205 -123
  -10 -205 -123
  -31 -206 -123
  -43 -208 -124
  -51 -210 -126
  -51 -212 -128
  -48 -214 -129
  -42 -216 -131
  -37 -218 -133
  -36 -220 -133
  -37 -220 -133
  -40 -221 -133
  -45 -220 -132
  -51 -220 -131
  -57 -219 -130
  -64 -219 -130
  -69 -220 -130
  -73 -221 -130
  -76 -224 -131
  -79 -227 -133
  -79 -231 -135
  -79 -235 -137
  -79 -239 -140
  -81 -242 -142
  -81 -244 -144
  -81 -245 -145
  -79 -245 -146
  -78 -243 -146
  -78 -242 -146
  -75 -240 -145
  -73 -238 -144
  -69 -237 -143
  -66 -237 -142
  -64 -238 -142
  -63 -239 -141
  -61 -242 -142
  -60 -244 -142
  -61 -247 -143
  -61 -250 -145
  -61 -252 -146
  -61 -254 -148
  -63 -255 -149
  -63 -256 -150
  -60 -256 -150
  -60 -256 -150
  -58 -256 -149
  -58 -256 -148
  -55 -255 -147
  -52 -255 -146
  -51 -254 -145
  -49 -254 -144
  -46 -254 -144
  -46 -255 -144
  -45 -256 -144
  -45 -257 -146
  -45 -259 -147
  -45 -260 -149
  -43 -260 -150
  -42 -260 -152
  -42 -257 -152
  -40 -253 -151
  -37 -247 -149
  -36 -238 -145
  -33 -227 -140
  -30 -215 -132
  -25 -200 -123
  -22 -182 -113
  -19 -163 -101
  -16 -143  -89
  -13 -120  -75
  -12  -96  -61
   -9  -72  -47
   -7  -46  -33
   -4  -21  -19
   -1    2   -5
    1   26    8
    5   48   21
   10   69   33
   14   90   45
   20  109   56
   23  126   65
   28  143   74
   32  159   82
   34  175   90
   37  190   97
   37  204  103
   40  217  109
   41  229  115
   43  240  120
   46  250  125
   50  259  129
   55  266  134
   59  273  138
   64  279  141
   70  284  145
   74  289  148
   79  293  151
   82  296  154
   85  299  156
   86  301  159
   88  303  161
   88  304  164
   88  306  166
   86  307  168
   86  308  169
   85  309  171
   83  310  172
   80  311  172
   76  312  172
   71  312  172
   65  313  171
   59  312  170
   53  311  169
   46  309  167
   38  307  165
   31  305  164
   23  303  162
   16  301  161
    7  300  160
    0  299  160
   -9  299  160
  -16  299  160
  -24  299  161
  -31  298  161
  -39  298  161
  -45  297  161
  -51  295  161
  -52  293  161
  -57  290  161
  -58  287  161
  -61  284  160
  -64  282  159
  -67  279  159
  -69  278  158
  -72  276  157
  -75  276  155
  -76  276  154
  -76  276  152
  -78  276  150
  -76  277  149
  -76  277  148
  -76  277  147
  -75  277  147
  -75  277  147
  -75  277  147
  -75  276  147
  -75  274  148
  -76  273  148
  -78  271  148
  -79  270  148
  -79  268  147
  -79  267  146
  -79  265  144
  -81  264  143
  -81  263  141
  -82  262  140
  -84  260  139
  -87  258  138
  -88  256  136
  -90  254  136
  -90  251  135
  -90  249  134
  -87  247  133
  -85  245  131
  -84  244  130
  -82  242  129
  -81  240  127
  -81  238  126
  -82  235  125
  -85  232  124
  -87  228  123
  -90  224  122
  -93  219  121
  -96  213  119
  -96  208  117
  -94  203  114
  -91  198  110
  -90  193  106
  -87  190  102
  -85  186   99
  -82  184   95
  -81  182   92
  -81  179   89
  -82  177   87
  -84  175   86
  -85  172   85
  -87  170   84
  -88  167   84
  -90  164   84
  -91  161   83
  -91  159   83
  -91  156   83
  -90  155   82
  -88  153   82
  -87  152   82
  -87  151   81
  -85  150   80
  -87  150   79
  -87  150   79
  -87  150   78
  -88  151   78
  -90  151   77
  -90  151   77
  -88  151   76
  -88  150   76
  -90  149   75
  -88  148   75
  -88  147   74
  -88  145   73
  -90  143   71
  -90  141   69
  -91  139   66
  -91  137   64
  -93  135   62
  -94  134   60
  -94  134   59
  -94  133   58
  -94  133   58
  -94  133   58
  -96  134   59
  -97  134   60
 -100  134   61
 -102  134   61
 -102  134   61
 -103  134   61
 -105  134   61
 -103  134   60
 -102  134   60
  -99  135   59
  -94  136   59
  -91  136   59
  -87  136   59
  -85  135   60
  -85  134   60
  -85  131   60
  -87  128   60
  -88  125   59
  -91  121   59
  -96  118   57
  -97  114   56
  -99  112   54
 -102  109   53
 -100  107   51
  -99  105   50
  -99  104   49
  -99  102   48
  -97   99   47
  -97   95   45
  -96   91   44
  -94   86   42
  -94   81   40
  -94   76   38
  -93   72   35
  -91   68   33
  -90   65   30
  -87   63   28
  -84   62   26
  -82   60   25
  -82   59   23
  -79   57   22
  -78   55   21
  -76   52   20
  -76   49   19
  -75   45   18
  -72   41   17
  -70   37   16
  -67   33   15
  -64   30   14
  -60   27   13
  -57   25   12
  -54   23   11
  -52   21    9
  -49   18    7
  -48   16    5
  -48   13    3
  -48    9    1
  -48    5   -1
  -49    0   -3
  -51   -4   -6
  -52  -10   -9
  -55  -16  -11
  -58  -21  -14
  -61  -26  -17
  -64  -31  -20
  -67  -35  -22
  -70  -38  -25
  -73  -41  -28
  -76  -42  -30
  -78  -44  -32
  -81  -46  -34
  -81  -48  -35
  -82  -50  -37
  -84  -53  -37
  -87  -56  -38
  -90  -60  -39
  -93  -64  -40
  -96  -68  -41
  -99  -72  -43
 -103  -75  -45
 -105  -78  -47
 -106  -79  -49
 -106  -80  -51
 -108  -81  -52
 -106  -81  -53
 -103  -81  -53
 -103  -81  -54
 -102  -82  -54
 -102  -84  -55
 -102  -87  -55
 -103  -90  -56
 -105  -95  -58
 -106 -100  -60
 -108 -105  -62
 -109 -110  -64
 -109 -115  -66
 -109 -119  -69
 -109 -122  -71
 -109 -124  -72
 -111 -126  -74
 -111 -126  -75
 -112 -127  -76
 -114 -127  -76
 -115 -128  -77
 -115 -129  -78
 -115 -130  -78
 -112 -132  -79
 -103 -134  -79
  -88 -137  -79
  -69 -139  -79
  -43 -142  -80
  -12 -145  -80
   25 -148  -80
   65 -150  -80
  107 -152  -81
  145 -153  -82
  179 -154  -83
  206 -155  -84
  221 -156  -86
  224 -157  -87
  215 -158  -89
  196 -159  -90
  164 -161  -92
  128 -162  -93
   88 -165  -95
   47 -167  -96
   13 -170  -97
  -15 -173  -99
  -36 -175 -100
  -51 -177 -101
  -57 -179 -102
  -58 -181 -103
  -57 -182 -103
  -52 -183 -104
  -48 -183 -104
  -43 -183 -104
  -43 -183 -104
  -46 -184 -104
  -49 -184 -104
  -54 -186 -105
  -58 -187 -105
  -63 -190 -107
  -67 -192 -108
  -73 -195 -110
  -78 -197 -112
  -81 -199 -114
  -84 -201 -116
  -88 -202 -118
  -91 -203 -119
  -91 -204 -120
  -93 -205 -121
  -93 -206 -121
  -91 -207 -120
  -88 -209 -119
  -85 -211 -118
  -82 -214 -118
  -78 -217 -117
  -73 -220 -117
  -70 -223 -117
  -67 -226 -118
  -67 -229 -119
  -67 -231 -121
  -69 -232 -123
  -70 -233 -124
  -72 -234 -126
  -75 -234 -128
  -75 -234 -129
  -73 -235 -129
  -72 -236 -130
  -69 -237 -130
  -64 -239 -130
  -60 -241 -130
  -58 -243 -131
  -54 -245 -131
  -54 -248 -132
  -54 -250 -134
  -55 -252 -135
  -57 -253 -137
  -60 -254 -138
  -61 -254 -139
  -64 -253 -140
  -64 -252 -139
  -64 -251 -139
  -61 -249 -137
  -58 -246 -136
  -54 -243 -134
  -51 -238 -131
  -46 -232 -128
  -42 -224 -124
  -37 -213 -118
  -34 -200 -111
  -30 -183 -102
  -25 -164  -92
  -22 -143  -80
  -21 -119  -66
  -18  -95  -52
  -15  -70  -38
  -15  -45  -24
  -15  -21  -10
  -15    1    1
  -15   24   13
  -13   45   24
  -10   66   34
   -7   87   44
   -1  107   55
    5  125   65
   11  144   75
   19  162   85
   25  180   95
   29  197  105
   34  214  115
   37  229  125
   38  243  134
   38  256  142
   38  268  149
   38  278  155
   41  287  160
   44  294  164
   49  300  167
   53  305  170
   59  308  172
   64  311  173
   70  314  175
   76  316  176
   77  319  176
   79  321  177
   79  324  177
   79  327  178
   77  330  179
   76  332  179
   74  335  180
   71  336  181
   70  336  181
   67  336  182
   64  334  182
   61  331  182
   58  329  181
   53  326  180
   49  324  179
   43  322  178
   35  320  177
   29  318  175
   20  317  174
   11  316  173
    1  314  171
   -7  312  169
  -18  309  168
  -25  306  166
  -34  302  164
  -39  297  161
  -43  293  159
  -45  289  156
  -46  285  153
  -46  281  151
  -49  279  148
  -51  277  146
  -51  276  144
  -54  276  143
  -57  275  142
  -61  274  141
  -66  273  141
  -70  271  141
  -75  268  140
  -79  264  140
  -82  260  139
  -85  256  137
  -85  251  135
  -87  247  133
  -90  243  131
  -90  240  129
  -90  238  127
  -91  237  125
  -91  236  124
  -91  237  123
  -90  237  123
  -87  238  123
  -84  238  124
  -81  238  124
  -78  238  125
  -76  238  125
  -75  237  125
  -75  237  125
  -78  236  124
  -81  235  124
  -85  235  123
  -87  235  122
  -90  235  121
  -93  235  121
  -93  234  120
  -91  232  119
  -88  230  119
  -85  227  117
  -85  222  116
  -82  217  114
  -81  211  112
  -81  204  110
  -81  198  107
  -82  191  104
  -84  186  101
  -82  182   99
  -84  178   97
  -85  176   94
  -85  174   92
  -84  173   90
  -85  173   89
  -85  171   88
  -85  170   87
  -85  167   86
  -87  164   85
  -88  160   83
  -88  156   82
  -90  151   79
  -90  147   76
  -88  143   74
  -88  139   71
  -88  136   68
  -87  134   65
  -87  133   63
  -85  133   62
  -87  133   61
  -87  133   61
  -88  134   62
  -88  134   63
  -90  135   64
  -91  134   66
  -93  133   66
  -93  132   67
  -93  130   66
  -93  128   65
  -93  125   64
  -93  123   61
  -93  120   59
  -91  118   57
  -91  118   55
  -91  116   53
  -90  116   52
  -88  116   52
  -87  116   52
  -87  117   53
  -87  118   54
  -85  118   55
  -88  118   56
  -90  118   58
  -93  117   59
  -96  115   59
  -97  112   59
 -100  109   58
 -102  106   57
 -102  103   55
 -102  100   53
 -102   98   51
 -100   97   50
 -100   96   48
 -100   96   47
 -100   95   46
 -102   95   46
 -103   94   45
 -103   92   45
 -105   90   44
 -105   88   43
 -103   85   42
 -102   82   41
 -100   79   39
  -99   77   38
  -97   76   37
  -96   75   37
  -96   75   36
  -96   75   37
  -97   76   37
  -99   77   38
  -99   76   38
 -100   75   39
 -102   73   39
 -102   69   38
  -99   64   37
  -97   59   35
  -93   53   33
  -91   48   30
  -88   43   27
  -87   39   24
  -87   37   21
  -88   35   19
  -90   34   17
  -91   34   15
  -93   34   15
  -94   34   14
  -94   34   14
  -94   32   14
  -93   30   14
  -91   27   13
  -88   23   13
  -85   19   11
  -84   14    9
  -81   11    7
  -81    8    5
  -79    6    3
  -78    4    1
  -75    3    0
  -73    2    0
  -72    1   -1
  -69    0   -1
  -66   -2   -1
  -63   -5   -1
  -60   -9   -2
  -58  -14   -3
  -57  -19   -5
  -57  -24   -7
  -57  -29  -10
  -57  -33  -12
  -58  -37  -15
  -58  -41  -17
  -58  -43  -20
  -60  -46  -22
  -60  -48  -23
  -58  -49  -25
  -58  -52  -26
  -58  -54  -28
  -58  -57  -29
  -58  -60  -31
  -60  -63  -32
  -61  -67  -34
  -61  -70  -35
  -63  -74  -37
  -66  -77  -38
  -67  -79  -40
  -70  -80  -41
  -75  -81  -42
  -79  -82  -43
  -85  -82  -45
  -91  -83  -46
  -97  -84  -47
 -102  -86  -48
 -106  -89  -50
 -109  -92  -51
 -109  -96  -52
 -111 -101  -54
 -112 -106  -56
 -111 -111  -57
 -111 -116  -59
 -109 -119  -61
 -108 -122  -64
 -108 -124  -66
 -108 -125  -68
 -108 -125  -70
 -108 -125  -72
 -108 -125  -73
 -108 -125  -73
 -108 -125  -74
 -109 -125  -74
 -109 -126  -73
 -108 -127  -73
 -108 -129  -73
 -105 -131  -73
 -105 -133  -74
 -103 -135  -75
 -103 -137  -76
 -103 -139  -77
 -106 -141  -79
 -108 -143  -80
 -111 -144  -81
 -112 -146  -82
 -112 -147  -82
 -109 -147  -82
 -102 -148  -81
  -88 -149  -81
  -69 -150  -80
  -43 -151  -81
  -12 -152  -81
   25 -153  -83
   64 -155  -85
  104 -157  -87
  143 -159  -89
  175 -161  -91
  200 -163  -93
  212 -165  -95
  214 -166  -95
  203 -167  -95
  181 -167  -94
  148 -168  -92
  110 -168  -91
   70 -168  -89
   29 -168  -88
   -3 -167  -86
  -31 -167  -86
  -51 -167  -86
  -63 -168  -86
  -66 -168  -87
  -63 -168  -88
  -57 -168  -90
  -49 -169  -91
  -43 -169  -93
  -39 -169  -94
  -37 -169  -96
  -39 -169  -97
  -43 -169  -98
  -51 -169  -98
  -60 -169  -98
  -66 -169  -99
  -73 -169  -99
  -79 -169  -99
  -82 -170  -99
  -84 -171  -99
  -87 -173 -100
  -87 -175 -100
  -85 -177 -100
  -84 -179 -101
  -82 -181 -101
  -82 -184 -102
  -81 -186 -103
  -79 -189 -104
  -76 -193 -105
  -75 -197 -107
  -73 -200 -108
  -73 -204 -110
  -73 -208 -112
  -73 -211 -115
  -75 -213 -117
  -75 -215 -119
  -76 -217 -120
  -76 -217 -122
  -75 -218 -123
  -72 -218 -123
  -70 -218 -123
  -67 -219 -123
  -63 -220 -123
  -60 -222 -123
  -58 -225 -123
  -55 -228 -123
  -57 -231 -124
  -58 -235 -126
  -58 -239 -128
  -61 -243 -131
  -64 -245 -134
  -64 -247 -137
  -64 -248 -140
  -61 -248 -142
  -57 -248 -144
  -52 -248 -145
  -46 -249 -146
  -40 -250 -147
  -37 -251 -148
  -33 -253 -148
  -30 -254 -148
  -30 -255 -147
  -30 -253 -146
  -31 -248 -143
  -33 -240 -139
  -34 -228 -133
  -34 -214 -126
  -33 -196 -116
  -30 -175 -105
  -28 -153  -93
  -25 -129  -79
  -21 -105  -66
  -16  -82  -53
  -12  -58  -39
   -7  -35  -27
   -3  -14  -15
    0    6   -4
    4   26    5
    7   45   15
   10   64   24
   14   82   33
   16   99   42
   20  116   51
   23  133   60
   25  150   69
   29  166   78
   32  181   87
   35  196   95
   40  208  102
   43  220  109
   44  229  116
   47  237  122
   50  244  127
   52  249  131
   55  254  134
   58  258  137
   59  261  139
   64  264  141
   67  267  142
   70  270  143
   74  273  144
   79  276  145
   80  278  146
   80  281  146
   80  282  147
   79  283  147
   76  283  147
   71  282  146
   67  279  145
   62  277  144
   58  273  143
   52  270  141
   47  267  140
   43  264  138
   37  262  137
   31  260  136
   25  258  134
   17  257  133
   11  255  132
    2  253  131
   -4  251  129
  -13  248  128
  -21  245  127
  -28  241  126
  -36  237  125
  -42  232  124
  -46  228  123
  -51  224  122
  -54  220  121
  -57  217  120
  -58  215  119
  -60  213  118
  -61  211  117
  -63  209  115
  -66  208  114
  -69  206  112
  -70  205  110
  -73  203  109
  -76  201  108
  -79  199  107
  -81  197  106
  -82  194  105
  -82  192  105
  -82  190  105
  -84  188  104
  -81  186  104
  -79  184  103
  -78  183  103
  -76  182  102
  -76  181  101
  -76  180  100
  -75  179   99
  -76  178   98
  -76  177   96
  -76  175   95
  -78  173   93
  -78  171   92
  -78  168   90
  -78  166   89
  -76  163   88
  -76  161   87
  -76  159   87
  -78  157   86
  -78  155   86
  -79  153   86
  -81  151   85
  -84  148   85
  -85  144   84
  -87  140   83
  -87  135   81
  -85  131   80
  -84  126   78
  -81  123   76
  -79  120   75
  -76  118   73
  -76  117   72
  -76  117   71
  -78  117   70
  -78  118   68
  -81  118   68
  -85  118   66
  -88  118   66
  -91  116   65
  -94  114   64
  -94  112   63
  -93  109   63
  -93  105   62
  -91  102   61
  -90   98   61
  -88   96   60
  -85   94   60
  -84   92   59
  -82   91   58
  -82   91   58
  -82   91   57
  -84   91   57
  -85   91   57
  -88   92   57
  -91   93   57
  -93   94   57
  -96   94   57
  -99   95   58
  -99   95   58
 -100   95   58
 -102   94   58
 -100   94   57
 -100   93   57
  -99   92   57
  -96   90   56
  -94   89   56
  -94   87   55
  -94   86   55
  -94   85   54
  -96   84   54
  -97   84   54
  -99   84   53
 -100   84   53
 -100   85   53
  -99   86   53
  -97   87   53
  -97   89   53
  -96   90   54
  -94   91   54
  -93   91   54
  -91   91   54
  -93   91   54
  -93   91   54
  -96   89   54
  -99   88   54
  -99   86   54
 -102   84   54
 -102   82   54
 -100   80   53
  -99   78   53
  -97   76   53
  -94   75   52
  -91   73   51
  -88   71   49
  -87   69   47
  -87   67   44
  -87   64   41
  -88   61   39
  -93   58   36
  -96   54   34
  -99   51   32
 -102   47   31
 -103   43   29
 -103   39   29
 -102   36   28
 -100   33   27
 -100   31   26
  -97   29   24
  -94   27   23
  -93   26   22
  -93   25   20
  -93   24   18
  -94   23   17
  -96   23   15
  -99   22   15
 -100   21   14
 -102   19   14
 -103   17   14
 -100   14   14
  -99   11   14
  -94    7   14
  -90    2   13
  -85   -2   12
  -79   -7   10
  -75  -12    7
  -72  -16    5
  -69  -20    1
  -69  -23   -1
  -70  -25   -3
  -73  -27   -6
  -76  -28   -8
  -78  -30   -9
  -81  -32  -10
  -79  -35  -11
  -78  -37  -11
  -75  -41  -11
  -70  -45  -12
  -66  -49  -13
  -60  -53  -13
  -55  -57  -15
  -52  -61  -17
  -49  -64  -19
  -49  -67  -21
  -49  -69  -23
  -51  -72  -26
  -52  -74  -28
  -54  -76  -30
  -55  -79  -32
  -57  -82  -33
  -58  -85  -35
  -61  -89  -36
  -63  -93  -37
  -66  -97  -38
  -69 -102  -40
  -73 -106  -41
  -76 -109  -43
  -81 -113  -46
  -87 -115  -48
  -90 -118  -51
  -93 -119  -54
  -94 -121  -56
  -97 -123  -59
  -99 -124  -61
  -99 -126  -63
  -99 -129  -64
  -99 -132  -65
 -100 -135  -66
 -102 -138  -66
 -103 -141  -67
 -105 -143  -67
 -105 -146  -68
 -106 -147  -70
 -106 -148  -71
 -106 -148  -73
 -106 -148  -75
 -106 -148  -78
 -106 -147  -79
 -106 -147  -81
 -105 -148  -82
 -106 -149  -83
 -106 -151  -83
 -105 -153  -84
 -105 -156  -83
 -105 -159  -83
 -103 -163  -83
 -105 -167  -83
 -105 -170  -83
 -105 -172  -84
 -105 -174  -84
 -105 -176  -86
 -105 -177  -87
 -103 -177  -88
 -100 -178  -90
  -96 -178  -91
  -87 -178  -93
  -72 -179  -94
  -52 -180  -96
  -25 -182  -97
    7 -184  -98
   41 -187  -99
   80 -189 -100
  121 -193 -102
  157 -195 -103
  184 -198 -104
  202 -200 -106
  209 -201 -107
  203 -202 -108
  184 -201 -108
  157 -201 -108
  122 -201 -109
   83 -200 -108
   47 -201 -108
   14 -202 -108
  -12 -204 -108
  -33 -207 -109
  -46 -210 -110
  -52 -214 -111
  -54 -219 -112
  -54 -223 -114
  -49 -227 -116
  -45 -230 -118
  -43 -232 -120
  -45 -234 -122
  -46 -234 -123
  -51 -234 -124
  -55 -233 -124
  -60 -231 -124
  -66 -230 -124
  -67 -229 -124
  -72 -228 -123
  -75 -227 -123
  -76 -228 -122
  -76 -229 -122
  -78 -232 -123
  -78 -235 -123
  -79 -238 -124
  -78 -241 -125
  -78 -244 -126
  -81 -246 -127
  -81 -248 -128
  -81 -250 -129
  -82 -252 -130
  -81 -253 -130
  -79 -254 -131
  -78 -256 -132
  -75 -258 -132
  -72 -260 -133
  -67 -263 -134
  -64 -266 -135
  -61 -268 -137
  -60 -271 -138
  -60 -272 -139
  -58 -274 -141
  -60 -274 -142
  -61 -275 -144
  -63 -275 -145
  -64 -276 -146
  -64 -277 -147
  -63 -278 -148
  -61 -280 -149
  -57 -283 -150
  -54 -286 -150
  -51 -288 -151
  -46 -291 -152
  -42 -293 -153
  -40 -294 -154
  -39 -294 -154
  -39 -294 -155
  -39 -293 -156
  -39 -292 -156
  -39 -292 -157
  -39 -291 -158
  -39 -291 -159
  -37 -291 -161
  -37 -291 -161
  -34 -290 -162
  -31 -288 -161
  -30 -284 -159
  -27 -278 -156
  -24 -270 -151
  -21 -259 -145
  -18 -245 -137
  -16 -229 -127
  -13 -212 -117
   -9 -192 -105
   -6 -172  -93
   -1 -150  -81
    2 -129  -69
    8 -106  -57
   11  -84  -45
   16  -62  -33
   19  -40  -21
   23  -18   -9
   25    3    1
   28   24   13
   29   45   24
   32   65   35
   35   85   47
   38  103   57
   43  119   68
   46  135   78
   50  149   87
   53  161   95
   58  171  101
   59  180  106
   61  187  111
   64  193  114
   67  199  117
   70  205  119
   73  210  120
   76  215  121
   80  220  122
   83  225  123
   85  230  125
   88  234  126
   88  238  128
   88  242  131
   85  244  133
   80  246  135
   77  247  136
   73  246  137
   67  244  137
   62  242  136
   56  238  134
   52  234  130
   49  230  127
   44  225  123
   38  221  120
   32  218  117
   26  215  114
   19  212  112
   11  210  111
    2  207  111
   -4  205  110
  -12  201  109
  -18  197  108
  -25  192  107
  -30  186  104
  -34  179  102
  -39  172   99
  -42  166   96
  -45  160   93
  -49  154   90
  -52  150   87
  -54  146   85
  -57  142   83
  -60  139   82
  -61  136   80
  -61  132   79
  -63  128   77
  -64  124   74
  -66  119   72
  -67  115   68
  -67  111   65
  -69  106   61
  -70  102   57
  -70   98   54
  -72   96   51
  -70   93   48
  -70   92   46
  -69   90   45
  -67   88   44
  -67   86   43
  -66   84   42
  -67   80   40
  -67   77   39
  -67   72   37
  -69   67   36
  -72   62   34
  -73   57   32
  -75   51   29
  -75   46   27
  -75   40   24
  -73   35   22
  -73   31   19
  -70   27   17
  -70   22   14
  -69   19   11
  -67   15    9
  -67   11    7
  -67    8    4
  -69    4    2
  -69    0    0
  -70   -3   -2
  -70   -7   -5
  -69  -11   -7
  -69  -15  -10
  -67  -19  -13
  -67  -22  -15
  -66  -24  -17
  -66  -26  -19
  -63  -28  -20
  -63  -29  -20
  -61  -30  -21
  -63  -30  -21
  -64  -31  -20
  -64  -31  -20
  -67  -31  -19
  -69  -32  -19
  -70  -32  -19
  -75  -33  -19
  -78  -33  -20
  -79  -34  -20
  -81  -34  -21
  -81  -35  -21
  -81  -35  -22
  -81  -35  -22
  -78  -35  -22
  -73  -35  -22
  -72  -35  -22
  -69  -35  -22
  -67  -35  -21
  -66  -36  -21
  -66  -36  -20
  -67  -36  -19
  -70  -37  -18
  -73  -37  -18
  -78  -37  -17
  -82  -38  -17
  -87  -38  -17
  -90  -37  -18
  -91  -37  -18
  -91  -36  -19
  -90  -35  -20
  -87  -35  -21
  -84  -34  -21
  -79  -33  -22
  -75  -32  -22
  -73  -31  -23
  -72  -30  -23
  -72  -30  -23
  -72  -31  -24
  -75  -32  -24
  -78  -33  -25
  -81  -34  -26
  -84  -35  -26
  -85  -36  -27
  -85  -37  -28
  -85  -38  -29
  -84  -39  -30
  -81  -39  -31
  -78  -40  -32
  -76  -41  -34
  -73  -42  -35
  -72  -45  -37
  -72  -47  -38
  -72  -50  -39
  -73  -53  -40
  -75  -56  -40
  -76  -59  -41
  -78  -61  -41
  -79  -62  -41
  -79  -63  -41
  -81  -64  -40
  -82  -65  -41
  -81  -65  -41
  -81  -66  -42
  -81  -67  -43
  -78  -69  -44
  -75  -71  -46
  -73  -73  -48
  -69  -76  -50
  -66  -79  -52
  -61  -82  -54
  -58  -85  -56
  -55  -88  -58
  -52  -90  -60
  -51  -92  -61
  -49  -94  -62
  -49  -96  -63
  -48  -98  -64
  -46  -99  -64
  -45 -101  -65
  -45 -103  -65
  -43 -105  -66
  -42 -108  -67
  -40 -111  -68
  -40 -115  -69
  -40 -119  -70
  -40 -124  -72
  -39 -128  -75
  -37 -132  -77
  -37 -136  -80
  -36 -140  -83
  -34 -143  -85
  -34 -145  -87
  -36 -147  -89
  -37 -149  -90
  -39 -151  -91
  -43 -153  -91
  -49 -155  -92
  -54 -159  -92
  -60 -163  -92
  -64 -167  -93
  -66 -172  -94
  -69 -177  -96
  -70 -182  -98
  -70 -186 -100
  -70 -190 -103
  -72 -193 -106
  -72 -195 -108
  -73 -197 -110
  -75 -198 -112
  -79 -200 -114
  -84 -201 -115
  -87 -203 -116
  -91 -205 -116
  -93 -208 -117
  -93 -211 -118
  -94 -214 -119
  -93 -217 -121
  -91 -221 -123
  -88 -224 -125
  -87 -227 -127
  -87 -230 -130
  -85 -232 -133
  -85 -233 -135
  -85 -234 -138
  -87 -236 -139
  -87 -237 -141
  -88 -238 -141
  -90 -239 -142
  -91 -241 -142
  -93 -243 -142
  -93 -245 -141
  -93 -248 -141
  -93 -250 -141
  -93 -253 -142
  -91 -255 -143
  -90 -258 -144
  -84 -260 -146
  -75 -261 -149
  -61 -263 -151
  -42 -263 -153
  -18 -264 -155
   10 -264 -156
   43 -264 -157
   79 -264 -157
  115 -264 -157
  149 -264 -157
  178 -265 -157
  199 -266 -157
  212 -267 -157
  214 -269 -157
  206 -271 -158
  187 -273 -159
  158 -275 -161
  125 -277 -163
   91 -279 -164
   55 -280 -166
   23 -281 -167
   -4 -281 -168
  -25 -281 -169
  -40 -282 -169
  -49 -282 -168
  -54 -282 -168
  -51 -282 -167
  -48 -283 -167
  -45 -285 -167
  -42 -286 -167
  -39 -288 -168
  -39 -289 -170
  -39 -291 -171
  -39 -292 -173
  -40 -293 -174
  -42 -294 -175
  -45 -295 -176
  -49 -296 -177
  -52 -297 -177
  -54 -297 -177
  -55 -298 -176
  -57 -300 -176
  -58 -301 -176
  -57 -302 -176
  -57 -303 -176
  -55 -304 -176
  -54 -305 -177
  -51 -305 -177
  -48 -306 -178
  -46 -305 -179
  -45 -305 -179
  -43 -305 -180
  -42 -306 -181
  -43 -307 -181
  -45 -308 -182
  -45 -310 -183
  -46 -312 -184
  -49 -314 -185
  -49 -316 -186
  -49 -319 -188
  -48 -321 -190
  -46 -323 -192
  -43 -325 -193
  -40 -326 -195
  -37 -327 -196
  -34 -327 -196
  -30 -327 -197
  -28 -327 -196
  -28 -327 -196
  -28 -327 -195
  -28 -326 -195
  -28 -326 -194
  -30 -326 -194
  -30 -326 -194
  -30 -326 -195
  -30 -327 -195
  -27 -327 -196
  -24 -328 -196
  -19 -329 -196
  -16 -329 -196
  -12 -329 -196
   -7 -329 -196
   -4 -328 -195
   -3 -327 -195
   -1 -325 -195
    0 -323 -195
    1 -321 -195
    1 -318 -195
    4 -314 -194
    7 -310 -193
   11 -304 -190
   16 -298 -186
   20 -290 -181
   26 -280 -174
   29 -268 -166
   32 -254 -157
   35 -238 -147
   37 -221 -136
   38 -202 -124
   40 -182 -113
   40 -161 -101
   40 -140  -89
   43 -119  -77
   47  -98  -65
   52  -77  -54
   58  -57  -42
   64  -37  -32
   68  -18  -21
   73    0  -11
   79   17    0
   83   34    8
   85   50   18
   86   65   26
